50
0 0 0 0 0 0
0 0 0 0 0 0
0 0 0 0

50
-0.0261893 0.00461731 -0.778053 1.56205 0.612323 -0.0265931
-0.0261893 0.00461731 -0.778053 1.56205 0.612323 -0.0265931
0 0 0 -0 

60
-0.0261893 0.00461731 -0.778053 1.56205 0.612323 -0.0265931
-0.0261893 0.00461731 -0.778053 1.56205 0.612323 -0.0265931
1.2661 2.53221 1.2661 -2.53221 

60
-0.0261893 0.00461731 -0.778053 1.56205 0.612323 -0.0265931
-0.0261893 0.00461731 -0.778053 1.56205 0.612323 -0.0265931
1.62188 0.304861 1.62188 -0.304861 

50
-0.00559337 0.00149873 -0.0553059 1.69364 -0.329335 -0.00579068
-0.00543059 0.00145511 -0.0554157 1.56031 -0.195897 -0.00562215
1.62188 0.304861 1.62188 -0.304861 

50
-0.00698167 0.00187071 0.73844 2.06051 -1.48995 -0.00722794
-0.00698167 0.00187071 0.73844 2.06051 -1.48995 -0.00722794
1.62188 0.304861 1.62188 -0.304861 

60
0.000677252 0.00774087 -0.681883 2.13581 -1.5412 -0.00777044
0.000677252 0.00774087 -0.681883 2.13581 -1.5412 -0.00777044
1.62188 0.304861 1.62188 -0.304861 

60
-0.00775391 -0.0883958 -0.401399 0.691363 -0.377573 0.0887343
0.00775391 0.0883958 -0.401399 0.691363 -0.377573 -0.0887343
0.0635956 2.93849 0.0635956 -2.93849 
