100
0 0 0 0 0 0
0 0 0 0 0 0
0 0 0 0

50
-0.0214701 -0.0371673 -1.17268 1.36099 -0.712306 0.0429204
0.0215163 0.0372472 -1.17138 1.36596 -0.71858 -0.0430127
1.42023 2.84046 1.42023 -2.84046 

50
-0.0620977 -0.0054293 -2.2604 2.09487 -1.31817 0.0623343
0.0620977 0.0054293 -2.2604 2.09487 -1.31817 -0.0623343
-1.70204 0.21121 -1.70204 -0.21121 

80
-0.0395546 -8.78059e-18 -2.26366 1.41882 -0.725953 0.0395546
0.0395546 8.78059e-18 -2.26366 1.41882 -0.725953 -0.0395546
-1.61375 0.114761 -1.61375 -0.114761 

70
-0.0289196 -0.0225875 -1.61901 1.21043 -0.499321 0.0366933
0.0289196 0.0225875 -1.61901 1.21043 -0.499321 -0.0366933
-1.61375 0.114761 -1.61375 -0.114761 

50
-0.00804002 -0.0916395 -0.521925 0.86858 -0.43429 0.0919906
0.00804002 0.0916395 -0.521925 0.86858 -0.43429 -0.0919906
0.751761 1.83382 0.751761 -1.83382 

50
-0.00775391 -0.0883958 -0.401399 0.691363 -0.377573 0.0887343
0.00775391 0.0883958 -0.401399 0.691363 -0.377573 -0.0887343
0.06352998 2.93843628 0.06352998 -2.93843628
