50
-0.00933784 -0.106328 -0.402576 0.700617 -0.385805 0.106736
0.00933784 0.106328 -0.402576 0.700617 -0.385805 -0.106736
0.06352998 2.93843628 0.06352998 -2.93843628

40
-0 0.0919109 -0.331903 0.663806 -0.331903 -0.179177
-0 0.294055 -0.147584 0.295167 -0.147584 -0.573308
0.06352998 2.93843628 0.06352998 -2.93843628

30
-0 0.0919109 -0.331903 0.663806 -0.331903 -0.179177
-0 0.346448 -0.53196 1.20141 -0.669452 -0.346448
0.06352998 2.93843628 0.06352998 -2.93843628

30
-0 0.0928424 -0.341634 0.683267 -0.341634 -0.180109
-0 0.538348 -0.106267 1.41581 -1.30954 -0.538348
0.06352998 2.93843628 0.06352998 -2.93843628

3
-0 0.106439 -0.330689 0.661379 -0.330689 -0.193705
-0 0.486513 -0.810792 1.62158 -0.810792 -0.486513
0.06352998 2.93843628 0.06352998 -2.93843628

3
-0 0.105465 -0.327629 0.641208 -0.313579 -0.192732
0.0461454 0.413575 -0.844138 0.115686 0.614049 -0.415994
0.06352998 2.93843628 0.06352998 -2.93843628

10
-0 0.105465 -0.327629 0.641208 -0.313579 -0.192732
0.0461454 0.413575 -0.844138 0.115686 0.614049 -0.415994
0.06352998 2.93843628 0.06352998 -2.93843628

20
-0 0.0928424 -0.341634 0.683267 -0.341634 -0.180109
-0.078877 0.385124 -0.579672 1.15776 -0.370711 -0.392723
0.06352998 2.93843628 0.06352998 -2.93843628

30
-0.00930461 -0.105952 -0.396784 0.681722 -0.372698 0.106359
0.00930461 0.105952 -0.396784 0.681722 -0.372698 -0.106359
0.06352998 2.93843628 0.06352998 -2.93843628
