50
-0.00778161 -0.0887098 -0.410953 0.710691 -0.38735 0.0890496
0.00778161 0.0887098 -0.410953 0.710691 -0.38735 -0.0890496
0.0635956 2.93849 0.0635956 -2.93849 

40
-0.0275336 -0.304861 -0.265846 0.403142 -0.228792 0.480597
-0.0099963 -0.113763 -0.39321 0.667201 -0.361827 0.201466
0.0635956 2.93849 0.0635956 -2.93849 

40
-0.036234 -0.392573 -0.0380618 0.76233 -0.818741 0.568688
-0.00990788 -0.112765 -0.37957 0.646779 -0.355035 0.200464
0.0635956 2.93849 0.0635956 -2.93849 

3
0.060671 -0.344098 -0.300077 0.845659 -0.455669 0.519878
-0.0099963 -0.113763 -0.389378 0.66659 -0.365047 0.201466
0.0635956 2.93849 0.0635956 -2.93849 

3
-0.0275336 -0.304861 -0.375842 0.238191 0.046154 0.480597
-0.0100853 -0.114767 -0.395037 0.685177 -0.377986 0.202474
0.0635956 2.93849 0.0635956 -2.93849 

3
-0.0349106 -0.3796 -0.796063 0.252955 0.449134 0.503297
-0.0144371 -0.163537 -0.353017 0.584839 -0.320272 0.199074
0.0635956 2.93849 0.0635956 -2.93849 

5
-0.0349106 -0.3796 -0.796063 0.252955 0.449134 0.503297
-0.0144371 -0.163537 -0.353017 0.584839 -0.320272 0.199074
0.0635956 2.93849 0.0635956 -2.93849 

40
-0.0239359 -0.267029 -0.558725 1.01274 -0.544495 0.35534
-0.00522487 -0.0596494 -0.433271 0.763552 -0.417703 0.147144
0.0635956 2.93849 0.0635956 -2.93849 

30
-0.00778161 -0.0887098 -0.407076 0.710044 -0.39058 0.0890496
0.00778161 0.0887098 -0.407076 0.710044 -0.39058 -0.0890496
0.0635956 2.93849 0.0635956 -2.93849 
